Sample	1.0	2.0	3.0	4.0	5.0	6.0	7.0	8.0	9.0	>10	>50	>100	>500	>1k	>5k	>10k+
TK9_1_22FFLLLT3_AGAGAACCTA-GGTTATGCTA_L005_T1_1										12.165172973725694	3.5540648617529063	6.387825187296422	2.216396473957098	4.21553993728416	2.0327178100390193	1.8620963770182106
TK9_1_22FFLLLT3_AGAGAACCTA-GGTTATGCTA_L005_T1_2										9.38603451299955	2.831086890334318	5.161405647169488	2.0188256896125734	4.455128456527518	0.9788336107705058	0.7980174996619751
TK9_1_22FFLLLT3_AGAGAACCTA-GGTTATGCTA_L006_T1_1										11.696495776387497	3.3787439786246667	5.886784582244426	2.1639637661759177	3.9717134654875634	1.731496915773704	1.5568900987830046
TK9_1_22FFLLLT3_AGAGAACCTA-GGTTATGCTA_L006_T1_2										8.928195722543936	2.5870175559398865	5.181767065539783	1.8710617885014034	3.8701367692137363	0.698045246621756	0.49218946877162845
TK9_2_22FFLLLT3_GATATTGTGT-ACCACACGGT_L005_T1_1										13.1008302799732	3.813184118178741	7.018643204832909	2.4032237759693444	4.592281613328504	1.9023318070870452	3.712996178282599
TK9_2_22FFLLLT3_GATATTGTGT-ACCACACGGT_L005_T1_2										9.57267391766593	2.782976238833662	4.945139479721539	2.106764862121889	4.46870324659318	1.533326363050514	1.6439962780558175
TK9_2_22FFLLLT3_GATATTGTGT-ACCACACGGT_L006_T1_1										12.385302640683749	3.55882994390181	6.536340479615892	2.1970161203861243	4.340026849971791	1.8443469523001081	3.0299029690011796
TK9_2_22FFLLLT3_GATATTGTGT-ACCACACGGT_L006_T1_2										8.74148366014623	2.5901304214194485	4.712674998440529	1.9547540161821937	3.9994790935316757	1.2792954272522261	0.7929263618845673
TK9_3_22FFLLLT3_CGTACAGGAA-TAGGTTCTCT_L005_T1_1										15.91231323529012	4.1976819364774345	7.581689229019356	2.631703557465179	5.372338168736091	2.1642636696410387	4.494587934651435
TK9_3_22FFLLLT3_CGTACAGGAA-TAGGTTCTCT_L005_T1_2										12.906339022771874	3.3112931899146845	6.062308780613486	2.2678159614224733	5.047574519296865	1.5950463738129874	2.6048172075610925
TK9_3_22FFLLLT3_CGTACAGGAA-TAGGTTCTCT_L006_T1_1										14.937505266821058	3.889377393731631	7.036758138871358	2.657206707366259	5.1836180695952265	1.9443932384204337	3.6453675976630886
TK9_3_22FFLLLT3_CGTACAGGAA-TAGGTTCTCT_L006_T1_2										11.419933214164752	3.087420121587101	5.898634058289867	2.235934770756171	4.540366754624432	1.1913105898429055	1.8219576824636157
