	18.0	19.0	20.0	21.0	22.0	23.0	24.0	25.0	26.0	27.0	28.0	29.0	30.0	31.0	32.0	33.0	34.0	35.0	36.0	37.0
TK9_1_22FFLLLT3_AGAGAACCTA-GGTTATGCTA_L005_T1_1	5.0	209.0	1480.0	4197.0	7256.0	10038.0	12774.0	14639.0	17275.0	21678.0	30596.0	46946.0	75805.0	130557.0	235719.0	415405.0	731108.0	1577009.0	9263871.0	2029889.0
	18.0	19.0	20.0	21.0	22.0	23.0	24.0	25.0	26.0	27.0	28.0	29.0	30.0	31.0	32.0	33.0	34.0	35.0	36.0	37.0
TK9_1_22FFLLLT3_AGAGAACCTA-GGTTATGCTA_L005_T1_2	54.0	1237.0	5911.0	11531.0	15349.0	17695.0	18596.0	19446.0	21662.0	26598.0	36758.0	53540.0	83778.0	136038.0	234638.0	413707.0	749300.0	1609039.0	9861661.0	1309918.0
	18.0	19.0	20.0	21.0	22.0	23.0	24.0	25.0	26.0	27.0	28.0	29.0	30.0	31.0	32.0	33.0	34.0	35.0	36.0	37.0
TK9_1_22FFLLLT3_AGAGAACCTA-GGTTATGCTA_L006_T1_1	1.0	241.0	1733.0	4671.0	8128.0	11551.0	14422.0	16402.0	18942.0	23546.0	32358.0	49493.0	78931.0	134636.0	240325.0	418912.0	722957.0	1537545.0	7645581.0	1148193.0
	18.0	19.0	20.0	21.0	22.0	23.0	24.0	25.0	26.0	27.0	28.0	29.0	30.0	31.0	32.0	33.0	34.0	35.0	36.0	37.0
TK9_1_22FFLLLT3_AGAGAACCTA-GGTTATGCTA_L006_T1_2	32.0	1002.0	5000.0	10170.0	14305.0	16901.0	18059.0	19054.0	20706.0	25647.0	35250.0	50993.0	80017.0	130221.0	225544.0	395144.0	705460.0	1500133.0	8077562.0	777368.0
	18.0	19.0	20.0	21.0	22.0	23.0	24.0	25.0	26.0	27.0	28.0	29.0	30.0	31.0	32.0	33.0	34.0	35.0	36.0	37.0
TK9_2_22FFLLLT3_GATATTGTGT-ACCACACGGT_L005_T1_1	3.0	324.0	2335.0	6462.0	11518.0	16211.0	19792.0	23269.0	27521.0	34981.0	49922.0	76583.0	126049.0	216056.0	390546.0	694170.0	1241318.0	2707730.0	14307802.0	2603692.0
	17.0	18.0	19.0	20.0	21.0	22.0	23.0	24.0	25.0	26.0	27.0	28.0	29.0	30.0	31.0	32.0	33.0	34.0	35.0	36.0	37.0
TK9_2_22FFLLLT3_GATATTGTGT-ACCACACGGT_L005_T1_2	1.0	59.0	1707.0	8671.0	17296.0	23135.0	26643.0	28744.0	30912.0	35169.0	43471.0	58757.0	86887.0	133493.0	215687.0	369659.0	654203.0	1197596.0	2611429.0	15354793.0	1657972.0
	18.0	19.0	20.0	21.0	22.0	23.0	24.0	25.0	26.0	27.0	28.0	29.0	30.0	31.0	32.0	33.0	34.0	35.0	36.0	37.0
TK9_2_22FFLLLT3_GATATTGTGT-ACCACACGGT_L006_T1_1	4.0	355.0	2481.0	7164.0	12583.0	17444.0	22168.0	25402.0	29613.0	36565.0	51542.0	77655.0	125993.0	216425.0	386802.0	678080.0	1192568.0	2561806.0	11608400.0	1434934.0
	18.0	19.0	20.0	21.0	22.0	23.0	24.0	25.0	26.0	27.0	28.0	29.0	30.0	31.0	32.0	33.0	34.0	35.0	36.0	37.0
TK9_2_22FFLLLT3_GATATTGTGT-ACCACACGGT_L006_T1_2	48.0	1396.0	7286.0	14973.0	21305.0	25109.0	27351.0	29473.0	33072.0	40406.0	55311.0	80695.0	124866.0	202861.0	352055.0	616491.0	1119369.0	2422079.0	12493185.0	820653.0
	18.0	19.0	20.0	21.0	22.0	23.0	24.0	25.0	26.0	27.0	28.0	29.0	30.0	31.0	32.0	33.0	34.0	35.0	36.0	37.0
TK9_3_22FFLLLT3_CGTACAGGAA-TAGGTTCTCT_L005_T1_1	4.0	477.0	3353.0	9079.0	16008.0	21718.0	26826.0	31177.0	36026.0	45626.0	64029.0	97423.0	159131.0	271238.0	484784.0	857739.0	1539826.0	3378119.0	18491714.0	3361718.0
	17.0	18.0	19.0	20.0	21.0	22.0	23.0	24.0	25.0	26.0	27.0	28.0	29.0	30.0	31.0	32.0	33.0	34.0	35.0	36.0	37.0
TK9_3_22FFLLLT3_CGTACAGGAA-TAGGTTCTCT_L005_T1_2	2.0	113.0	3033.0	15734.0	32098.0	43808.0	50710.0	54023.0	57882.0	63240.0	75702.0	100754.0	142841.0	212193.0	329289.0	541702.0	927720.0	1653865.0	3491316.0	19097898.0	2002092.0
	18.0	19.0	20.0	21.0	22.0	23.0	24.0	25.0	26.0	27.0	28.0	29.0	30.0	31.0	32.0	33.0	34.0	35.0	36.0	37.0
TK9_3_22FFLLLT3_CGTACAGGAA-TAGGTTCTCT_L006_T1_1	12.0	498.0	3533.0	9594.0	16760.0	23224.0	29080.0	32838.0	37963.0	47029.0	64734.0	97941.0	158761.0	268942.0	477182.0	830215.0	1459881.0	3165996.0	14928890.0	1839639.0
	17.0	18.0	19.0	20.0	21.0	22.0	23.0	24.0	25.0	26.0	27.0	28.0	29.0	30.0	31.0	32.0	33.0	34.0	35.0	36.0	37.0
TK9_3_22FFLLLT3_CGTACAGGAA-TAGGTTCTCT_L006_T1_2	3.0	99.0	2442.0	13015.0	27494.0	38779.0	45317.0	49764.0	52688.0	57212.0	68358.0	90278.0	127728.0	192824.0	300229.0	499738.0	849967.0	1499092.0	3149889.0	15402424.0	1025372.0

