Sample	1	2	3	4	5	6	7	8	9	12	17	22	27	32	37	42	47	52	57	62	67	72	77	82	87	92	97	102	107	112	117	122	127	132	137	142	147	150
TK9_1_22GH5GLT3_AGAGAACCTA-GGTTATGCTA_L002_T1_1	0.0	0.015841743270499527	0.0	0.0	0.0	0.0	0.0	0.0	0.0	0.0	0.0005690227255198948	0.0	0.0	0.0	0.0	0.0	0.0	0.0	0.0	0.0	0.0	0.0	0.00011764795913116607	0.0	0.0	0.0	0.0	0.0	0.0	0.0	0.0	0.0	0.0	0.0	0.0	0.0	0.0	0.0
TK9_1_22GH5GLT3_AGAGAACCTA-GGTTATGCTA_L002_T1_2	0.0	7.529601282871954e-05	0.0	0.0	0.0	0.0	0.0	0.0	0.0	0.0	0.0	0.0	0.0	0.0	0.0	0.0	0.0	0.0	0.0	0.0	0.0	0.0	0.0	0.0	0.0	0.0	0.0	0.0	0.0	0.0	0.0	0.0	0.0	0.0	0.0	0.0	0.0	0.0
TK9_1_22GH5GLT3_AGAGAACCTA-GGTTATGCTA_L003_T1_1	0.0	0.06490936453837247	0.0008272056941852087	0.007314822258948803	0.0	0.0	0.0	0.0	0.0	0.0	0.0	0.0	0.0	0.0	0.0	0.0	0.0	0.0	0.0	0.0	0.0	0.0	0.0	0.0	0.000126039632005482	0.0	0.0	0.0	0.0	0.0	0.0	0.0	0.0	0.0	1.4898214380004299e-05	0.0	7.948433209567572e-05	0.0
TK9_1_22GH5GLT3_AGAGAACCTA-GGTTATGCTA_L003_T1_2	0.0	0.008258224070711867	0.010892002735809923	0.0	0.0	0.0	0.0	0.0	0.0	0.0003519082418072193	0.0	0.0	0.0	0.0	0.0	1.1142604568663984e-06	0.0	0.0	0.0	0.0	0.00014951630710080863	0.00039315989629773327	9.732960651781337e-05	0.0014834784896744155	0.00041223613643896604	0.0003559094838230567	0.0011611219322311334	0.0	0.0013803089269409387	2.8799963952917843e-05	0.0	0.0	0.0	5.05104806760733e-05	0.0	0.0	0.0	0.0
TK9_2_22GH5GLT3_GATATTGTGT-ACCACACGGT_L002_T1_1	0.0	0.010375107064623157	0.0014147873269940668	0.009373773568348816	0.0	0.0	0.0009022768493310714	0.0	0.0	0.00018691558597121004	0.00033291646994411373	7.493850681795057e-05	0.0005340445313463144	0.00029518992414140376	6.47330898483031e-05	0.0004101446854743893	0.0	0.0003013255728167706	0.00023325308037405975	1.3057704289056728e-06	1.3088926199503228e-06	2.4065661731597257e-05	0.0002661457903687399	0.0	6.2205397459254306e-06	0.0	1.088950420536545e-05	7.095812204150996e-05	2.8182197663649783e-06	0.0	9.864758501439011e-06	0.0002610549084610456	0.0010305032365061275	1.0296719035020973e-05	0.00040307038009707307	0.04297263437930942	0.04433354697381058	0.0
TK9_2_22GH5GLT3_GATATTGTGT-ACCACACGGT_L002_T1_2	0.0	0.006102750813852641	0.00018949967241320835	0.0	0.0	0.0	0.0	0.00030578356230313164	0.0	1.7227242946655306e-05	0.00044230946265537494	4.3068107366638265e-07	0.0005736671901236216	0.0014384413649582257	0.0016341627769606987	0.0	0.0	0.00021750717519774488	8.741621052414511e-07	0.0013280134171006258	0.0013672493704879039	0.00010995910135257599	0.00038428038346354355	0.0008033527982592202	0.0004887548304781973	0.022918991112176972	0.000623230597890437	0.0004979796959069952	0.00014124798789387749	2.87029874983992e-05	0.0011806504932924998	0.021566308348125923	0.0017692871605673496	3.61988659070821e-05	0.04562413907429382	0.019101139703566958	0.029316735268576914	0.0
TK9_2_22GH5GLT3_GATATTGTGT-ACCACACGGT_L003_T1_1	0.0	0.04376501399575633	0.01211589656471246	0.006932602266224164	1.9388881415791633e-05	0.0	0.0	0.00015726537148364324	0.0	0.014044443969536533	4.136294702035549e-05	0.0	1.292592094386109e-06	0.0005035590132642144	0.00010967008789414204	0.020497252952546455	0.00011303703652438432	0.0030128950476425906	1.13002712777893e-05	6.4893313302408e-05	8.513242820710294e-05	0.02112204275583968	0.0001032833041607077	1.7666498466879182e-06	0.00021435791935949354	5.207045763149632e-05	0.017313855574431592	1.2921218871681974e-05	9.410931628071268e-06	0.0004941013782567866	0.0002694685688721588	0.0002928591973826476	0.0	0.0009327515095916932	0.0002859270435069184	0.0	0.0005964621413505296	0.0
TK9_2_22GH5GLT3_GATATTGTGT-ACCACACGGT_L003_T1_2	0.0	0.0068895158630779595	0.006124732207232846	3.8777762831583266e-05	0.00012064192880937017	0.008436317736026669	0.0005234997982263741	0.0007798638969462857	0.09944557278159528	0.0008776700320881679	0.00023137398489511346	1.0340736755088872e-05	0.020419508179048824	0.0021852830683948654	0.0014201837360437422	0.0003335674030889313	0.00042877889493572464	6.408346621243493e-05	0.0007723711872379347	0.0014792540559346468	0.002469916711373332	0.03195571346374867	0.0006007725811156572	0.021456678257890528	0.0005589153678479236	0.0012623905047091275	0.0019663810719992383	0.001595618250168818	0.0027124306661385606	0.016807418815703745	0.03490697606070913	0.0007577989819176602	0.012857464270968328	0.0009486998868258781	0.0007074170923359649	1.342593108496426e-05	3.815055640202103e-05	0.0
TK9_3_22GH5GLT3_GGCGCCATTG-ACCGCGCAAT_L002_T1_1	0.0	0.013173524807679051	0.0010350067976743684	0.013366447989109539	0.0	0.0	0.0012487865392595025	0.0	0.0	0.00014651733508639673	0.0002575785179098932	0.00028052073408000515	0.00043642352123599313	0.00019772257091156978	4.6492509001576607e-05	0.000281949836175637	0.0	0.0006420953358603982	0.00018544094815820208	2.630418628178606e-06	2.6344964164315185e-06	1.7418364821760615e-05	0.0001761411846177014	0.0	1.1177023497115866e-05	0.0	9.152313774910578e-06	6.680837138658505e-05	2.1982250904125857e-06	0.0	7.948426972237508e-06	0.0015643925748514752	0.0007405160630335342	4.259849609052302e-06	0.0007330275457534283	0.03361843680118186	0.034672788537846076	0.0
TK9_3_22GH5GLT3_GGCGCCATTG-ACCGCGCAAT_L002_T1_2	0.0	0.004666655334602316	0.0001668524812371778	0.0	0.0	0.0	5.214140038661806e-06	0.00020856560154647221	0.0	9.906866073457432e-06	0.0008488619982941419	1.0428280077323613e-06	0.00043955200525919023	0.0010480686125842035	0.0012258000941872773	0.0	1.0504852385656704e-06	0.0001389184602206305	2.108695403714585e-06	0.0015348965626287264	0.0011623392307793525	8.859938594471332e-05	0.000290496613964019	0.000595185890966322	0.0003966643232024336	0.01779600199144479	0.0004880805093306335	0.0003677350797465033	0.0002002593819426315	2.083518433298652e-05	0.000816223382133836	0.01700776402406661	0.0013132346952694982	2.3393155685914255e-05	0.03557218866634608	0.04980523224326444	0.022312990706607118	0.0
TK9_3_22GH5GLT3_GGCGCCATTG-ACCGCGCAAT_L003_T1_1	0.0	0.03512765692902099	0.009407193991618799	0.010428439824609162	7.999314618723468e-06	0.0	0.0	0.00012265615748709318	0.0	0.011544610857741708	9.599177542468163e-05	0.0	2.1331505649929246e-06	0.0016029101506110173	0.01810476984462952	0.05081827384097289	0.00019183580055785634	0.0022490122940102483	3.3855275821592176e-05	0.00011193589026873015	7.22243863786489e-05	0.016697416644421623	0.0174273351900017	2.6584435041149994e-05	0.0013351380566510185	7.605680340116832e-05	0.013530788948612583	1.8341668602731684e-05	3.0370361496725656e-05	0.01823058705178662	0.0027477116711921855	0.01731079554541781	0.01748586682199933	0.0007035180260870845	0.11963400609177298	0.0	0.0004393692470801445	0.0
TK9_3_22GH5GLT3_GGCGCCATTG-ACCGCGCAAT_L003_T1_2	0.0	0.006031483222517495	0.00482092027688401	3.4663696681135026e-05	0.0010745745971151859	0.006388785942153809	0.0004586273714734788	0.001629193744013346	0.07711339292449423	0.001787580173464071	0.03279025719742999	1.0132465183716392e-05	0.01566905747515553	0.0023104099138023856	0.0011910615167221345	0.0003029225490360969	0.01758324619145416	0.00040786316928913453	0.0012845386321570702	0.03710717615393956	0.002629462967499129	0.02469233832419479	0.0005525822232558363	0.016797054509380262	0.0008898625358546384	0.018472530582866877	0.001547853835446388	0.0011983748490756406	0.019206934028148676	0.012982488846174855	0.027645479319453332	0.01869151407118933	0.009994480779908646	0.000748092919241277	0.0005491967305738176	1.725604132568809e-05	0.00028782300913161125	0.0
