Sample	FastQC_mqc-generalstats-fastqc-percent_duplicates	FastQC_mqc-generalstats-fastqc-percent_gc	FastQC_mqc-generalstats-fastqc-avg_sequence_length	FastQC_mqc-generalstats-fastqc-median_sequence_length	FastQC_mqc-generalstats-fastqc-percent_fails	FastQC_mqc-generalstats-fastqc-total_sequences
TK9_1_22GH5GLT3_AGAGAACCTA-GGTTATGCTA_L002_T1_1	58.91322768880241	51.0	137.69196237114028	150	18.181818181818183	37186564.0
TK9_1_22GH5GLT3_AGAGAACCTA-GGTTATGCTA_L002_T1_2	48.86408108993601	51.0	136.6114170698858	150	9.090909090909092	37186564.0
TK9_1_22GH5GLT3_AGAGAACCTA-GGTTATGCTA_L003_T1_1	62.740274193693665	51.0	137.5166126142616	150	18.181818181818183	36145786.0
TK9_1_22GH5GLT3_AGAGAACCTA-GGTTATGCTA_L003_T1_2	58.620426902942334	51.0	136.50049045827916	150	18.181818181818183	36145786.0
TK9_2_22GH5GLT3_GATATTGTGT-ACCACACGGT_L002_T1_1	60.90884699131618	51.0	140.7272270222226	150	27.27272727272727	46438075.0
TK9_2_22GH5GLT3_GATATTGTGT-ACCACACGGT_L002_T1_2	51.28117889950985	51.0	139.68223960618522	150	18.181818181818183	46438075.0
TK9_2_22GH5GLT3_GATATTGTGT-ACCACACGGT_L003_T1_1	65.64878328475046	51.0	140.60257590768617	150	27.27272727272727	46418356.0
TK9_2_22GH5GLT3_GATATTGTGT-ACCACACGGT_L003_T1_2	61.87342486024516	51.0	139.64092041519092	150	27.27272727272727	46418356.0
TK9_3_22GH5GLT3_GGCGCCATTG-ACCGCGCAAT_L002_T1_1	58.86626032480129	50.0	143.64655013202724	150	27.27272727272727	38357236.0
TK9_3_22GH5GLT3_GGCGCCATTG-ACCGCGCAAT_L002_T1_2	51.01440684835183	50.0	142.82603556210358	150	18.181818181818183	38357236.0
TK9_3_22GH5GLT3_GGCGCCATTG-ACCGCGCAAT_L003_T1_1	61.22437984863354	50.0	143.56679829005583	150	27.27272727272727	37503213.0
TK9_3_22GH5GLT3_GGCGCCATTG-ACCGCGCAAT_L003_T1_2	57.16079458738562	50.0	142.83371107430182	150	27.27272727272727	37503213.0
